function u = uc(T)

u = 1*10^(-3).*(1617.5+0.1537.*T+0.1825.*T.^2-0.00008026.*T.^3);
% u = 1.7194 + 3.2063*10^(-3).*T + 1.5971*10^(-5).*T.^2 - 1.9918*10^(-7).*T.^3;

end