function u = ue(T)

u = 1*10^(-3)*(1939.4+1.40562.*T-0.0207525.*T.^2+0.0023186.*T.^3);
% u = 1.9695 + 1.2057*10^(-2).*T - 8.5989*10^(-5).*T.^2 + 2.5651*10^(-7).*T.^3;

end